# Created by Octave 6.2.0, Tue Apr 13 11:13:43 2021 GMT <unknown@LI-Laptop-18>
# name: baseMVA
# type: scalar
100


# name: mpc
# type: scalar struct
# ndims: 2
 1 1
# length: 6
# name: version
# type: sq_string
# elements: 1
# length: 1
2


# name: baseMVA
# type: scalar
100


# name: bus
# type: matrix
# rows: 5
# columns: 13
 1 2 0 0 0 0 1 1 0 230 1 1.1000000000000001 0.90000000000000002
 2 1 300 98.609999999999999 0 0 1 1 0 230 1 1.1000000000000001 0.90000000000000002
 3 2 300 98.609999999999999 0 0 1 1 0 230 1 1.1000000000000001 0.90000000000000002
 4 3 400 131.47 0 0 1 1 0 230 1 1.1000000000000001 0.90000000000000002
 5 2 0 0 0 0 1 1 0 230 1 1.1000000000000001 0.90000000000000002


# name: gen
# type: matrix
# rows: 5
# columns: 21
 1 40 0 30 -30 1 100 1 40 10 0 0 0 0 0 0 0 0 0 0 0
 1 170 0 127.5 -127.5 1 100 1 170 35 0 0 0 0 0 0 0 0 0 0 0
 3 323.49000000000001 0 390 -390 1 100 1 520 100 0 0 0 0 0 0 0 0 0 0 0
 4 0 0 150 -150 1 100 1 200 40 0 0 0 0 0 0 0 0 0 0 0
 5 466.50999999999999 0 450 -450 1 100 1 600 120 0 0 0 0 0 0 0 0 0 0 0


# name: branch
# type: matrix
# rows: 6
# columns: 13
 1 2 0.00281 0.0281 0.0071199999999999996 400 400 400 0 0 1 -360 360
 1 4 0.00304 0.0304 0.0065799999999999999 400 0 0 0 0 1 -360 360
 1 5 0.00064 0.0064 0.031260000000000003 400 0 0 0 0 1 -360 360
 2 3 0.00108 0.0108 0.018519999999999998 400 0 0 0 0 1 -360 360
 3 4 0.00297 0.0297 0.0067400000000000003 400 0 0 0 0 1 -360 360
 4 5 0.00297 0.0297 0.0067400000000000003 240 240 240 0 0 1 -360 360


# name: gencost
# type: matrix
# rows: 5
# columns: 6
 2 0 0 2 14 0
 2 0 0 2 15 0
 2 0 0 2 30 0
 2 0 0 2 40 0
 2 0 0 2 10 0




