# name: genauxdata
# type: matrix
# rows: 69
# columns: 4
 1 1 0 0 
 1 1 0 0
 1 1 0 0
 1 1 0 0
 1 1 0 0
 1 1 0 0 
 1 1 0 0
 1 1 0 0
 1 1 0 0
 1 1 0 0
 4 4 0 0 
 1 1 0 0
 1 1 0 0
 1 1 0 0
 1 1 0 0
 1 1 0 0 
 1 1 0 0
 1 1 0 0
 1 1 0 0
 1 1 0 0
 1 1 0 0 
 1 1 0 0
 1 1 0 0
 1 1 0 0
 1 1 0 0
 1 1 0 0 
 1 1 0 0
 3 3 0 0
 3 3 0 0
 1 1 0 0
 4 4 0 0 
 1 1 0 0
 1 1 0 0
 1 1 0 0
 1 1 0 0
 1 1 0 0 
 1 1 0 0
 1 1 0 0
 1 1 0 0
 1 1 0 0
 1 1 0 0 
 1 1 0 0
 1 1 0 0
 1 1 0 0
 1 1 0 0
 1 1 0 0 
 1 1 0 0
 3 3 0 0
 1 1 0 0
 1 1 0 0
 1 1 0 0 
 1 1 0 0
 1 1 0 0
 1 1 0 0
 1 1 0 0
 4 4 0 0 
 1 1 0 0
 1 1 0 0
 1 1 0 0
 1 1 0 0
 1 1 0 0 
 1 1 0 0
 3 3 0 0
 1 1 0 0
 1 1 0 0
 1 1 0 0 
 1 1 0 0
 1 1 0 0
 1 1 0 0



