# name: pv
# type: matrix
# rows: 5
# columns: 2
 216 25
 80 25
 156 25
 118 25
 161 25
