# name: ess
# type: matrix
# rows: 5
# columns: 11
 8 0.6 0.1 0.2 0.1 0.2 3 3 1 1 0
 16 0.6 0.1 0.2 0.1 0.2 3 3 1 1 0
 20 0.6 0.1 0.2 0.1 0.2 3 3 1 1 0
 33 0.6 0.1 0.2 0.1 0.2 3 3 1 1 0
 37 0.6 0.1 0.2 0.1 0.2 3 3 1 1 0

# name: marketprice
# type: matrix
# rows: 24
# columns: 2
 1 15.03
 2 10.97
 3 13.51
 4 15.36
 5 18.51
 6 21.8
 7 17.3
 8 22.83
 9 21.84
 10 27.09
 11 37.06
 12 68.95
 13 65.79
 14 66.57
 15 65.44
 16 79.79
 17 115.45
 18 110.28
 19 96.05
 20 90.53
 21 77.38
 22 70.95
 23 59.42
 24 56.68
