# name: pv
# type: matrix
# rows: 3
# columns: 2
 30 40
 7 30
 14 30
 
