# name: marketprice
# type: matrix
# rows: 24
# columns: 2
 0 402
 1 369
 2 337
 3 325
 4 319
 5 351
 6 440
 7 484
 8 471
 9 448
 10 440
 11 465
 12 457
 13 455
 14 460
 15 455
 16 479
 17 526
 18 490
 19 594
 20 585
 21 490
 22 455
 23 370




