# name: ess
# type: matrix
# rows: 2
# columns: 11
 216 100 10 20 10 20 5 5 1 1 0
 80 100 10 20 10 20 5 5 1 1 0