# name: pv
# type: matrix
# rows: 2
# columns: 2
 216 25
 80 25
