# name: genauxdata
# type: matrix
# rows: 6
# columns: 4
 3 3 180 108 
 3 3 210 42
 1 1 360 30
 1 1 360 30
 1 1 360 30
 1 1 360 30


