# name: ess
# type: matrix
# rows: 3
# columns: 11
 30 80 10 20 10 20 4 4 1 1 0
 7 60 10 20 10 20 3 3 1 1 0
 14 60 10 20 10 20 3 3 1 1 0