# name: baseMVA
# type: scalar
100


# name: bus
# type: matrix
# rows: 30
# columns: 13
 1 3 0 0 0 0 1 1.0600000000000001 0 132 1 1.0600000000000001 0.93999999999999995
 2 2 65.1 12.699999999999999 0 0 1 1.0429999999999999 -5.4800000000000004 132 1 1.0600000000000001 0.93999999999999995
 3 1 7.2 1.2 0 0 1 1.0209999999999999 -7.96 132 1 1.0600000000000001 0.93999999999999995
 4 1 22.8 1.6000000000000001 0 0 1 1.012 -9.6199999999999992 132 1 1.0600000000000001 0.93999999999999995
 5 2 282.6 19 0 0 1 1.01 -14.369999999999999 132 1 1.0600000000000001 0.93999999999999995
 6 1 0 0 0 0 1 1.01 -11.34 132 1 1.0600000000000001 0.93999999999999995
 7 1 68.4 10.9 0 0 1 1.002 -13.119999999999999 132 1 1.0600000000000001 0.93999999999999995
 8 2 90 30 0 0 1 1.01 -12.1 132 1 1.0600000000000001 0.93999999999999995
 9 1 0 0 0 0 1 1.0509999999999999 -14.380000000000001 1 1 1.0600000000000001 0.93999999999999995
 10 1 17.4 2 0 19 1 1.0449999999999999 -15.970000000000001 33 1 1.0600000000000001 0.93999999999999995
 11 2 0 0 0 0 1 1.0820000000000001 -14.390000000000001 11 1 1.0600000000000001 0.93999999999999995
 12 1 33.6 7.5 0 0 1 1.0569999999999999 -15.24 33 1 1.0600000000000001 0.93999999999999995
 13 2 0 0 0 0 1 1.071 -15.24 11 1 1.0600000000000001 0.93999999999999995
 14 1 18.6 1.6000000000000001 0 0 1 1.042 -16.129999999999999 33 1 1.0600000000000001 0.93999999999999995
 15 1 24.6 2.5 0 0 1 1.038 -16.219999999999999 33 1 1.0600000000000001 0.93999999999999995
 16 1 10.5 1.8 0 0 1 1.0449999999999999 -15.83 33 1 1.0600000000000001 0.93999999999999995
 17 1 27 5.7999999999999998 0 0 1 1.04 -16.140000000000001 33 1 1.0600000000000001 0.93999999999999995
 18 1 9.6 0.90000000000000002 0 0 1 1.028 -16.82 33 1 1.0600000000000001 0.93999999999999995
 19 1 28.5 3.3999999999999999 0 0 1 1.026 -17 33 1 1.0600000000000001 0.93999999999999995
 20 1 6.6 0.69999999999999996 0 0 1 1.03 -16.800000000000001 33 1 1.0600000000000001 0.93999999999999995
 21 1 52.5 11.199999999999999 0 0 1 1.0329999999999999 -16.420000000000002 33 1 1.0600000000000001 0.93999999999999995
 22 1 0 0 0 0 1 1.0329999999999999 -16.41 33 1 1.0600000000000001 0.93999999999999995
 23 1 9.6 1.6000000000000001 0 0 1 1.0269999999999999 -16.609999999999999 33 1 1.0600000000000001 0.93999999999999995
 24 1 26.1 6.7000000000000002 0 4.2999999999999998 1 1.0209999999999999 -16.780000000000001 33 1 1.0600000000000001 0.93999999999999995
 25 1 0 0 0 0 1 1.0169999999999999 -16.350000000000001 33 1 1.0600000000000001 0.93999999999999995
 26 1 10.5 2.2999999999999998 0 0 1 1 -16.77 33 1 1.0600000000000001 0.93999999999999995
 27 1 0 0 0 0 1 1.0229999999999999 -15.82 33 1 1.0600000000000001 0.93999999999999995
 28 1 0 0 0 0 1 1.0069999999999999 -11.970000000000001 132 1 1.0600000000000001 0.93999999999999995
 29 1 7.2 0.90000000000000002 0 0 1 1.0029999999999999 -17.059999999999999 33 1 1.0600000000000001 0.93999999999999995
 30 1 31.8 1.8999999999999999 0 0 1 0.99199999999999999 -17.940000000000001 33 1 1.0600000000000001 0.93999999999999995


# name: gen
# type: matrix
# rows: 6
# columns: 21
 1 260.19999999999999 -16.100000000000001 10 0 1.0600000000000001 100 1 360.2 70 0 0 0 0 0 0 0 0 0 0 0
 2 40 50 50 -40 1.0449999999999999 100 1 140 25 0 0 0 0 0 0 0 0 0 0 0
 5 0 37 40 -40 1.01 100 1 100 20 0 0 0 0 0 0 0 0 0 0 0
 8 0 37.299999999999997 40 -10 1.01 100 1 100 20 0 0 0 0 0 0 0 0 0 0 0
 11 0 16.199999999999999 24 -6 1.0820000000000001 100 1 100 20 0 0 0 0 0 0 0 0 0 0 0
 13 0 10.6 24 -6 1.071 100 1 100 20 0 0 0 0 0 0 0 0 0 0 0


# name: branch
# type: matrix
# rows: 41
# columns: 13
 1 2 0.019199999999999998 0.057500000000000002 0.0528 9900 0 0 0 0 1 -360 360
 1 3 0.045199999999999997 0.16520000000000001 0.040800000000000003 9900 0 0 0 0 1 -360 360
 2 4 0.057000000000000002 0.17369999999999999 0.036799999999999999 9900 0 0 0 0 1 -360 360
 3 4 0.0132 0.037900000000000003 0.0083999999999999995 9900 0 0 0 0 1 -360 360
 2 5 0.047199999999999999 0.1983 0.041799999999999997 9900 0 0 0 0 1 -360 360
 2 6 0.058099999999999999 0.17630000000000001 0.037400000000000003 9900 0 0 0 0 1 -360 360
 4 6 0.011900000000000001 0.041399999999999999 0.0089999999999999993 9900 0 0 0 0 1 -360 360
 5 7 0.045999999999999999 0.11600000000000001 0.020400000000000001 9900 0 0 0 0 1 -360 360
 6 7 0.026700000000000002 0.082000000000000003 0.017000000000000001 9900 0 0 0 0 1 -360 360
 6 8 0.012 0.042000000000000003 0.0089999999999999993 9900 0 0 0 0 1 -360 360
 6 9 0 0.20799999999999999 0 9900 0 0 0.97799999999999998 0 1 -360 360
 6 10 0 0.55600000000000005 0 9900 0 0 0.96899999999999997 0 1 -360 360
 9 11 0 0.20799999999999999 0 9900 0 0 0 0 1 -360 360
 9 10 0 0.11 0 9900 0 0 0 0 1 -360 360
 4 12 0 0.25600000000000001 0 9900 0 0 0.93200000000000005 0 1 -360 360
 12 13 0 0.14000000000000001 0 9900 0 0 0 0 1 -360 360
 12 14 0.1231 0.25590000000000002 0 9900 0 0 0 0 1 -360 360
 12 15 0.066199999999999995 0.13039999999999999 0 9900 0 0 0 0 1 -360 360
 12 16 0.094500000000000001 0.19869999999999999 0 9900 0 0 0 0 1 -360 360
 14 15 0.221 0.19969999999999999 0 9900 0 0 0 0 1 -360 360
 16 17 0.052400000000000002 0.1923 0 9900 0 0 0 0 1 -360 360
 15 18 0.10730000000000001 0.2185 0 9900 0 0 0 0 1 -360 360
 18 19 0.063899999999999998 0.12920000000000001 0 9900 0 0 0 0 1 -360 360
 19 20 0.034000000000000002 0.068000000000000005 0 9900 0 0 0 0 1 -360 360
 10 20 0.093600000000000003 0.20899999999999999 0 9900 0 0 0 0 1 -360 360
 10 17 0.032399999999999998 0.084500000000000006 0 9900 0 0 0 0 1 -360 360
 10 21 0.034799999999999998 0.074899999999999994 0 9900 0 0 0 0 1 -360 360
 10 22 0.072700000000000001 0.14990000000000001 0 9900 0 0 0 0 1 -360 360
 21 22 0.011599999999999999 0.023599999999999999 0 9900 0 0 0 0 1 -360 360
 15 23 0.10000000000000001 0.20200000000000001 0 9900 0 0 0 0 1 -360 360
 22 24 0.115 0.17899999999999999 0 9900 0 0 0 0 1 -360 360
 23 24 0.13200000000000001 0.27000000000000002 0 9900 0 0 0 0 1 -360 360
 24 25 0.1885 0.32919999999999999 0 9900 0 0 0 0 1 -360 360
 25 26 0.25440000000000002 0.38 0 9900 0 0 0 0 1 -360 360
 25 27 0.10929999999999999 0.2087 0 9900 0 0 0 0 1 -360 360
 28 27 0 0.39600000000000002 0 9900 0 0 0.96799999999999997 0 1 -360 360
 27 29 0.2198 0.4153 0 9900 0 0 0 0 1 -360 360
 27 30 0.32019999999999998 0.60270000000000001 0 9900 0 0 0 0 1 -360 360
 29 30 0.2399 0.45329999999999998 0 9900 0 0 0 0 1 -360 360
 8 28 0.063600000000000004 0.20000000000000001 0.042799999999999998 9900 0 0 0 0 1 -360 360
 6 28 0.016899999999999998 0.059900000000000002 0.012999999999999999 9900 0 0 0 0 1 -360 360


# name: gencost
# type: matrix
# rows: 6
# columns: 6
 2 0 0 2 20 0
 2 0 0 2 30 0
 2 0 0 2 15 0
 2 0 0 2 25 0
 2 0 0 2 40 0
 2 0 0 2 45 0

