# Created by Octave 6.4.0, Mon Nov 29 22:31:00 2021 GMT <unknown@ISA-LAPTOP-01>
# name: baseMVA
# type: scalar
100


# name: mpc
# type: scalar struct
# ndims: 2
 1 1
# length: 7
# name: version
# type: sq_string
# elements: 1
# length: 1
2


# name: baseMVA
# type: scalar
100


# name: bus
# type: matrix
# rows: 14
# columns: 13
 1 3 0 0 0 0 1 1.0600000000000001 0 0 1 1.0600000000000001 0.93999999999999995
 2 2 21.699999999999999 12.699999999999999 0 0 1 1.0449999999999999 -4.9800000000000004 0 1 1.0600000000000001 0.93999999999999995
 3 2 94.200000000000003 19 0 0 1 1.01 -12.720000000000001 0 1 1.0600000000000001 0.93999999999999995
 4 1 47.799999999999997 -3.8999999999999999 0 0 1 1.0189999999999999 -10.33 0 1 1.0600000000000001 0.93999999999999995
 5 1 7.5999999999999996 1.6000000000000001 0 0 1 1.02 -8.7799999999999994 0 1 1.0600000000000001 0.93999999999999995
 6 2 11.199999999999999 7.5 0 0 1 1.0700000000000001 -14.220000000000001 0 1 1.0600000000000001 0.93999999999999995
 7 1 0 0 0 0 1 1.0620000000000001 -13.369999999999999 0 1 1.0600000000000001 0.93999999999999995
 8 2 0 0 0 0 1 1.0900000000000001 -13.359999999999999 0 1 1.0600000000000001 0.93999999999999995
 9 1 29.5 16.600000000000001 0 19 1 1.056 -14.94 0 1 1.0600000000000001 0.93999999999999995
 10 1 9 5.7999999999999998 0 0 1 1.0509999999999999 -15.1 0 1 1.0600000000000001 0.93999999999999995
 11 1 3.5 1.8 0 0 1 1.0569999999999999 -14.789999999999999 0 1 1.0600000000000001 0.93999999999999995
 12 1 6.0999999999999996 1.6000000000000001 0 0 1 1.0549999999999999 -15.07 0 1 1.0600000000000001 0.93999999999999995
 13 1 13.5 5.7999999999999998 0 0 1 1.05 -15.16 0 1 1.0600000000000001 0.93999999999999995
 14 1 14.9 5 0 0 1 1.036 -16.039999999999999 0 1 1.0600000000000001 0.93999999999999995


# name: gen
# type: matrix
# rows: 5
# columns: 21
 1 232.40000000000001 -16.899999999999999 10 0 1.0600000000000001 100 1 332.39999999999998 0 0 0 0 0 0 0 0 0 0 0 0
 2 40 42.399999999999999 50 -40 1.0449999999999999 100 1 140 0 0 0 0 0 0 0 0 0 0 0 0
 3 0 23.399999999999999 40 0 1.01 100 1 100 0 0 0 0 0 0 0 0 0 0 0 0
 6 0 12.199999999999999 24 -6 1.0700000000000001 100 1 100 0 0 0 0 0 0 0 0 0 0 0 0
 8 0 17.399999999999999 24 -6 1.0900000000000001 100 1 100 0 0 0 0 0 0 0 0 0 0 0 0


# name: branch
# type: matrix
# rows: 20
# columns: 13
 1 2 0.019380000000000001 0.05917 0.0528 9900 0 0 0 0 1 -360 360
 1 5 0.054030000000000002 0.22303999999999999 0.049200000000000001 9900 0 0 0 0 1 -360 360
 2 3 0.046989999999999997 0.19797000000000001 0.043799999999999999 9900 0 0 0 0 1 -360 360
 2 4 0.058110000000000002 0.17632 0.034000000000000002 9900 0 0 0 0 1 -360 360
 2 5 0.056950000000000001 0.17388000000000001 0.034599999999999999 9900 0 0 0 0 1 -360 360
 3 4 0.06701 0.17102999999999999 0.012800000000000001 9900 0 0 0 0 1 -360 360
 4 5 0.013350000000000001 0.042110000000000002 0 9900 0 0 0 0 1 -360 360
 4 7 0 0.20912 0 9900 0 0 0.97799999999999998 0 1 -360 360
 4 9 0 0.55618000000000001 0 9900 0 0 0.96899999999999997 0 1 -360 360
 5 6 0 0.25202000000000002 0 9900 0 0 0.93200000000000005 0 1 -360 360
 6 11 0.094979999999999995 0.19889999999999999 0 9900 0 0 0 0 1 -360 360
 6 12 0.12291000000000001 0.25580999999999998 0 9900 0 0 0 0 1 -360 360
 6 13 0.06615 0.13027 0 9900 0 0 0 0 1 -360 360
 7 8 0 0.17615 0 9900 0 0 0 0 1 -360 360
 7 9 0 0.11001 0 9900 0 0 0 0 1 -360 360
 9 10 0.031809999999999998 0.084500000000000006 0 9900 0 0 0 0 1 -360 360
 9 14 0.12711 0.27038000000000001 0 9900 0 0 0 0 1 -360 360
 10 11 0.082049999999999998 0.19206999999999999 0 9900 0 0 0 0 1 -360 360
 12 13 0.22092000000000001 0.19988 0 9900 0 0 0 0 1 -360 360
 13 14 0.17093 0.34802 0 9900 0 0 0 0 1 -360 360


# name: gencost
# type: matrix
# rows: 5
# columns: 7
 2 0 0 3 0.043029259899999998 20 0
 2 0 0 3 0.25 20 0
 2 0 0 3 0.01 40 0
 2 0 0 3 0.01 40 0
 2 0 0 3 0.01 40 0


# name: bus_name
# type: cell
# rows: 14
# columns: 1
# name: <cell-element>
# type: sq_string
# elements: 1
# length: 12
Bus 1     HV


# name: <cell-element>
# type: sq_string
# elements: 1
# length: 12
Bus 2     HV


# name: <cell-element>
# type: sq_string
# elements: 1
# length: 12
Bus 3     HV


# name: <cell-element>
# type: sq_string
# elements: 1
# length: 12
Bus 4     HV


# name: <cell-element>
# type: sq_string
# elements: 1
# length: 12
Bus 5     HV


# name: <cell-element>
# type: sq_string
# elements: 1
# length: 12
Bus 6     LV


# name: <cell-element>
# type: sq_string
# elements: 1
# length: 12
Bus 7     ZV


# name: <cell-element>
# type: sq_string
# elements: 1
# length: 12
Bus 8     TV


# name: <cell-element>
# type: sq_string
# elements: 1
# length: 12
Bus 9     LV


# name: <cell-element>
# type: sq_string
# elements: 1
# length: 12
Bus 10    LV


# name: <cell-element>
# type: sq_string
# elements: 1
# length: 12
Bus 11    LV


# name: <cell-element>
# type: sq_string
# elements: 1
# length: 12
Bus 12    LV


# name: <cell-element>
# type: sq_string
# elements: 1
# length: 12
Bus 13    LV


# name: <cell-element>
# type: sq_string
# elements: 1
# length: 12
Bus 14    LV







