# name: ess
# type: matrix
# rows: 1
# columns: 11
 1 600 100 200 100 200 3 3 1 1 0

# name: marketprice
# type: matrix
# rows: 96
# columns: 2
 1 32
 2 32
 3 32
 4 32
 5 5.2
 6 5.2
 7 5.2
 8 5.2
 9 4.1
 10 4.1
 11 4.1
 12 4.1
 13 4.3
 14 4.3
 15 4.3
 16 4.3
 17 5.3
 18 5.3
 19 5.3
 20 5.3
 21 8
 22 8
 23 8
 24 8
 25 8.5
 26 8.5
 27 8.5
 28 8.5
 29 7.5
 30 7.5
 31 7.5
 32 7.5
 33 10
 34 10
 35 10
 36 10
 37 9
 38 9
 39 9
 40 9
 41 12
 42 12 
 43 12
 44 12
 45 30
 46 30
 47 30
 48 30
 49 49.5
 50 49.5
 51 49.5
 52 49.5
 53 45
 54 45
 55 45
 56 45
 57 50
 58 50
 59 50
 60 50
 61 40
 62 40
 63 40
 64 40
 65 60
 66 60
 67 60
 68 60
 69 80.5
 70 80.5
 71 80.5
 72 80.5
 73 80
 74 80
 75 80
 76 80
 77 70
 78 70
 79 70
 80 70
 81 68
 82 68
 83 68
 84 68
 85 60
 86 60
 87 60
 88 60
 89 55
 90 55
 91 55
 92 55
 93 35
 94 35
 95 35
 96 35




