# name: pv
# type: matrix
# rows: 10
# columns: 2
 8 0.6
 12 0.4
 13 0.4
 16 0.6
 20 0.6
 22 0.4
 25 0.4
 30 0.4
 33 0.6
 37 0.6
