# Created by Octave 6.4.0, Mon Mar 28 11:54:48 2022 GMT <unknown@ISA-LAPTOP-01>
# name: baseMVA
# type: scalar
100


# name: mpc
# type: scalar struct
# ndims: 2
 1 1
# length: 7
# name: version
# type: sq_string
# elements: 1
# length: 1
2


# name: baseMVA
# type: scalar
100


# name: bus
# type: matrix
# rows: 118
# columns: 13
 1 2 51 27 0 0 1 0.95499999999999996 10.67 138 1 1.0600000000000001 0.93999999999999995
 2 1 20 9 0 0 1 0.97099999999999997 11.220000000000001 138 1 1.0600000000000001 0.93999999999999995
 3 1 39 10 0 0 1 0.96799999999999997 11.56 138 1 1.0600000000000001 0.93999999999999995
 4 2 39 12 0 0 1 0.998 15.279999999999999 138 1 1.0600000000000001 0.93999999999999995
 5 1 0 0 0 -40 1 1.002 15.73 138 1 1.0600000000000001 0.93999999999999995
 6 2 52 22 0 0 1 0.98999999999999999 13 138 1 1.0600000000000001 0.93999999999999995
 7 1 19 2 0 0 1 0.98899999999999999 12.56 138 1 1.0600000000000001 0.93999999999999995
 8 2 28 0 0 0 1 1.0149999999999999 20.77 345 1 1.0600000000000001 0.93999999999999995
 9 1 0 0 0 0 1 1.0429999999999999 28.02 345 1 1.0600000000000001 0.93999999999999995
 10 2 0 0 0 0 1 1.05 35.609999999999999 345 1 1.0600000000000001 0.93999999999999995
 11 1 70 23 0 0 1 0.98499999999999999 12.720000000000001 138 1 1.0600000000000001 0.93999999999999995
 12 2 47 10 0 0 1 0.98999999999999999 12.199999999999999 138 1 1.0600000000000001 0.93999999999999995
 13 1 34 16 0 0 1 0.96799999999999997 11.35 138 1 1.0600000000000001 0.93999999999999995
 14 1 14 1 0 0 1 0.98399999999999999 11.5 138 1 1.0600000000000001 0.93999999999999995
 15 2 90 30 0 0 1 0.96999999999999997 11.23 138 1 1.0600000000000001 0.93999999999999995
 16 1 25 10 0 0 1 0.98399999999999999 11.91 138 1 1.0600000000000001 0.93999999999999995
 17 1 11 3 0 0 1 0.995 13.74 138 1 1.0600000000000001 0.93999999999999995
 18 2 60 34 0 0 1 0.97299999999999998 11.529999999999999 138 1 1.0600000000000001 0.93999999999999995
 19 2 45 25 0 0 1 0.96299999999999997 11.050000000000001 138 1 1.0600000000000001 0.93999999999999995
 20 1 18 3 0 0 1 0.95799999999999996 11.93 138 1 1.0600000000000001 0.93999999999999995
 21 1 14 8 0 0 1 0.95899999999999996 13.52 138 1 1.0600000000000001 0.93999999999999995
 22 1 10 5 0 0 1 0.96999999999999997 16.079999999999998 138 1 1.0600000000000001 0.93999999999999995
 23 1 7 3 0 0 1 1 21 138 1 1.0600000000000001 0.93999999999999995
 24 2 13 0 0 0 1 0.99199999999999999 20.890000000000001 138 1 1.0600000000000001 0.93999999999999995
 25 2 0 0 0 0 1 1.05 27.93 138 1 1.0600000000000001 0.93999999999999995
 26 2 0 0 0 0 1 1.0149999999999999 29.710000000000001 345 1 1.0600000000000001 0.93999999999999995
 27 2 71 13 0 0 1 0.96799999999999997 15.35 138 1 1.0600000000000001 0.93999999999999995
 28 1 17 7 0 0 1 0.96199999999999997 13.619999999999999 138 1 1.0600000000000001 0.93999999999999995
 29 1 24 4 0 0 1 0.96299999999999997 12.630000000000001 138 1 1.0600000000000001 0.93999999999999995
 30 1 0 0 0 0 1 0.96799999999999997 18.789999999999999 345 1 1.0600000000000001 0.93999999999999995
 31 2 43 27 0 0 1 0.96699999999999997 12.75 138 1 1.0600000000000001 0.93999999999999995
 32 2 59 23 0 0 1 0.96399999999999997 14.800000000000001 138 1 1.0600000000000001 0.93999999999999995
 33 1 23 9 0 0 1 0.97199999999999998 10.630000000000001 138 1 1.0600000000000001 0.93999999999999995
 34 2 59 26 0 14 1 0.98599999999999999 11.300000000000001 138 1 1.0600000000000001 0.93999999999999995
 35 1 33 9 0 0 1 0.98099999999999998 10.869999999999999 138 1 1.0600000000000001 0.93999999999999995
 36 2 31 17 0 0 1 0.97999999999999998 10.869999999999999 138 1 1.0600000000000001 0.93999999999999995
 37 1 0 0 0 -25 1 0.99199999999999999 11.77 138 1 1.0600000000000001 0.93999999999999995
 38 1 0 0 0 0 1 0.96199999999999997 16.91 345 1 1.0600000000000001 0.93999999999999995
 39 1 27 11 0 0 1 0.96999999999999997 8.4100000000000001 138 1 1.0600000000000001 0.93999999999999995
 40 2 66 23 0 0 1 0.96999999999999997 7.3499999999999996 138 1 1.0600000000000001 0.93999999999999995
 41 1 37 10 0 0 1 0.96699999999999997 6.9199999999999999 138 1 1.0600000000000001 0.93999999999999995
 42 2 96 23 0 0 1 0.98499999999999999 8.5299999999999994 138 1 1.0600000000000001 0.93999999999999995
 43 1 18 7 0 0 1 0.97799999999999998 11.279999999999999 138 1 1.0600000000000001 0.93999999999999995
 44 1 16 8 0 10 1 0.98499999999999999 13.82 138 1 1.0600000000000001 0.93999999999999995
 45 1 53 22 0 10 1 0.98699999999999999 15.67 138 1 1.0600000000000001 0.93999999999999995
 46 2 28 10 0 10 1 1.0049999999999999 18.489999999999998 138 1 1.0600000000000001 0.93999999999999995
 47 1 34 0 0 0 1 1.0169999999999999 20.73 138 1 1.0600000000000001 0.93999999999999995
 48 1 20 11 0 15 1 1.0209999999999999 19.93 138 1 1.0600000000000001 0.93999999999999995
 49 2 87 30 0 0 1 1.0249999999999999 20.940000000000001 138 1 1.0600000000000001 0.93999999999999995
 50 1 17 4 0 0 1 1.0009999999999999 18.899999999999999 138 1 1.0600000000000001 0.93999999999999995
 51 1 17 8 0 0 1 0.96699999999999997 16.280000000000001 138 1 1.0600000000000001 0.93999999999999995
 52 1 18 5 0 0 1 0.95699999999999996 15.32 138 1 1.0600000000000001 0.93999999999999995
 53 1 23 11 0 0 1 0.94599999999999995 14.35 138 1 1.0600000000000001 0.93999999999999995
 54 2 113 32 0 0 1 0.95499999999999996 15.26 138 1 1.0600000000000001 0.93999999999999995
 55 2 63 22 0 0 1 0.95199999999999996 14.970000000000001 138 1 1.0600000000000001 0.93999999999999995
 56 2 84 18 0 0 1 0.95399999999999996 15.16 138 1 1.0600000000000001 0.93999999999999995
 57 1 12 3 0 0 1 0.97099999999999997 16.359999999999999 138 1 1.0600000000000001 0.93999999999999995
 58 1 12 3 0 0 1 0.95899999999999996 15.51 138 1 1.0600000000000001 0.93999999999999995
 59 2 277 113 0 0 1 0.98499999999999999 19.370000000000001 138 1 1.0600000000000001 0.93999999999999995
 60 1 78 3 0 0 1 0.99299999999999999 23.149999999999999 138 1 1.0600000000000001 0.93999999999999995
 61 2 0 0 0 0 1 0.995 24.039999999999999 138 1 1.0600000000000001 0.93999999999999995
 62 2 77 14 0 0 1 0.998 23.43 138 1 1.0600000000000001 0.93999999999999995
 63 1 0 0 0 0 1 0.96899999999999997 22.75 345 1 1.0600000000000001 0.93999999999999995
 64 1 0 0 0 0 1 0.98399999999999999 24.52 345 1 1.0600000000000001 0.93999999999999995
 65 2 0 0 0 0 1 1.0049999999999999 27.649999999999999 345 1 1.0600000000000001 0.93999999999999995
 66 2 39 18 0 0 1 1.05 27.48 138 1 1.0600000000000001 0.93999999999999995
 67 1 28 7 0 0 1 1.02 24.84 138 1 1.0600000000000001 0.93999999999999995
 68 1 0 0 0 0 1 1.0029999999999999 27.550000000000001 345 1 1.0600000000000001 0.93999999999999995
 69 3 0 0 0 0 1 1.0349999999999999 30 138 1 1.0600000000000001 0.93999999999999995
 70 2 66 20 0 0 1 0.98399999999999999 22.579999999999998 138 1 1.0600000000000001 0.93999999999999995
 71 1 0 0 0 0 1 0.98699999999999999 22.149999999999999 138 1 1.0600000000000001 0.93999999999999995
 72 2 12 0 0 0 1 0.97999999999999998 20.98 138 1 1.0600000000000001 0.93999999999999995
 73 2 6 0 0 0 1 0.99099999999999999 21.940000000000001 138 1 1.0600000000000001 0.93999999999999995
 74 2 68 27 0 12 1 0.95799999999999996 21.640000000000001 138 1 1.0600000000000001 0.93999999999999995
 75 1 47 11 0 0 1 0.96699999999999997 22.91 138 1 1.0600000000000001 0.93999999999999995
 76 2 68 36 0 0 1 0.94299999999999995 21.77 138 1 1.0600000000000001 0.93999999999999995
 77 2 61 28 0 0 1 1.006 26.719999999999999 138 1 1.0600000000000001 0.93999999999999995
 78 1 71 26 0 0 1 1.0029999999999999 26.420000000000002 138 1 1.0600000000000001 0.93999999999999995
 79 1 39 32 0 20 1 1.0089999999999999 26.719999999999999 138 1 1.0600000000000001 0.93999999999999995
 80 2 130 26 0 0 1 1.04 28.960000000000001 138 1 1.0600000000000001 0.93999999999999995
 81 1 0 0 0 0 1 0.997 28.100000000000001 345 1 1.0600000000000001 0.93999999999999995
 82 1 54 27 0 20 1 0.98899999999999999 27.239999999999998 138 1 1.0600000000000001 0.93999999999999995
