# name: ess
# type: matrix
# rows: 1
# columns: 11
 1 600 100 200 100 200 3 3 1 1 0
