# Created by Octave 6.2.0, Tue Apr 13 11:13:43 2021 GMT <unknown@LI-Laptop-18>
# name: baseMVA
# type: scalar
100


# name: mpc
# type: scalar struct
# ndims: 2
 1 1
# length: 6
# name: version
# type: sq_string
# elements: 1
# length: 1
2


# name: baseMVA
# type: scalar
100


# name: bus
# type: matrix
# rows: 3
# columns: 13
 1 3 0 0 0 0 1 1 0 230 1 1.1 0.9
 2 2 0 0 0 0 1 1 0 230 1 1.1 0.9
 3 1 800 98.61 0 0 1 1 0 230 1 1.1 0.9


# name: gen
# type: matrix
# rows: 2
# columns: 21
 1 40 0 30 -30 1 100 1 1000 0 0 0 0 0 0 0 0 0 0 0 0
 2 170 0 127.5 -127.5 1 100 1 1000 0 0 0 0 0 0 0 0 0 0 0 0


# name: branch
# type: matrix
# rows: 3
# columns: 13
 1 3 0.00281 0.0281 0.00712 500 500 500 0 0 1 -360 360
 1 2 0.00281 0.0281 0.00712 500 500 500 0 0 1 -360 360
 2 3 0.00281 0.0281 0.00712 500 500 500 0 0 1 -360 360


# name: gencost
# type: matrix
# rows: 2
# columns: 6
 2 0 0 2 50 0
 2 0 0 2 100 0




