# name: marketprice
# type: matrix
# rows: 24
# columns: 2
 0 32
 1 5.2
 2 4.1
 3 4.3
 4 5.3
 5 8
 6 8.5
 7 7.5
 8 10
 9 9
 10 12
 11 30
 12 49.5
 13 45
 14 50
 15 40
 16 60
 17 80.5
 18 80
 19 70
 20 68
 21 60
 22 55
 23 35




