# name: marketprice
# type: matrix
# rows: 24
# columns: 2
 0 15.03
 1 10.97
 2 13.51
 3 15.36
 4 18.51
 5 21.8
 6 17.3
 7 22.83
 8 21.84
 9 27.09
 10 37.06
 11 68.95
 12 65.79
 13 66.57
 14 65.44
 15 79.79
 16 115.45
 17 110.28
 18 96.05
 19 90.53
 20 77.38
 21 70.95
 22 59.42
 23 56.68
