# name: genauxdata
# type: matrix
# rows: 4
# columns: 4
 3 3 0 0 
 3 3 0 0
 1 1 0 0
 1 1 0 0
