# name: genauxdata
# type: matrix
# rows: 5
# columns: 4
 1 1 0 0 
 1 1 0 0
 1 1 0 0
 1 1 0 0
 1 1 0 0



