# Created by Octave 6.4.0, Mon Mar 28 11:54:04 2022 GMT <unknown@ISA-LAPTOP-01>
# name: baseMVA
# type: scalar
100


# name: mpc
# type: scalar struct
# ndims: 2
 1 1
# length: 7
# name: version
# type: sq_string
# elements: 1
# length: 1
2


# name: baseMVA
# type: scalar
100


# name: bus
# type: matrix
# rows: 57
# columns: 13
 1 3 55 17 0 0 1 1.04 0 0 1 1.0600000000000001 0.93999999999999995
 2 2 3 88 0 0 1 1.01 -1.1799999999999999 0 1 1.0600000000000001 0.93999999999999995
 3 2 41 21 0 0 1 0.98499999999999999 -5.9699999999999998 0 1 1.0600000000000001 0.93999999999999995
 4 1 0 0 0 0 1 0.98099999999999998 -7.3200000000000003 0 1 1.0600000000000001 0.93999999999999995
 5 1 13 4 0 0 1 0.97599999999999998 -8.5199999999999996 0 1 1.0600000000000001 0.93999999999999995
 6 2 75 2 0 0 1 0.97999999999999998 -8.6500000000000004 0 1 1.0600000000000001 0.93999999999999995
 7 1 0 0 0 0 1 0.98399999999999999 -7.5800000000000001 0 1 1.0600000000000001 0.93999999999999995
 8 2 150 22 0 0 1 1.0049999999999999 -4.4500000000000002 0 1 1.0600000000000001 0.93999999999999995
 9 2 121 26 0 0 1 0.97999999999999998 -9.5600000000000005 0 1 1.0600000000000001 0.93999999999999995
 10 1 5 2 0 0 1 0.98599999999999999 -11.43 0 1 1.0600000000000001 0.93999999999999995
 11 1 0 0 0 0 1 0.97399999999999998 -10.17 0 1 1.0600000000000001 0.93999999999999995
 12 2 377 24 0 0 1 1.0149999999999999 -10.460000000000001 0 1 1.0600000000000001 0.93999999999999995
 13 1 18 2.2999999999999998 0 0 1 0.97899999999999998 -9.7899999999999991 0 1 1.0600000000000001 0.93999999999999995
 14 1 10.5 5.2999999999999998 0 0 1 0.96999999999999997 -9.3300000000000001 0 1 1.0600000000000001 0.93999999999999995
 15 1 22 5 0 0 1 0.98799999999999999 -7.1799999999999997 0 1 1.0600000000000001 0.93999999999999995
 16 1 43 3 0 0 1 1.0129999999999999 -8.8499999999999996 0 1 1.0600000000000001 0.93999999999999995
 17 1 42 8 0 0 1 1.0169999999999999 -5.3899999999999997 0 1 1.0600000000000001 0.93999999999999995
 18 1 27.199999999999999 9.8000000000000007 0 10 1 1.0009999999999999 -11.710000000000001 0 1 1.0600000000000001 0.93999999999999995
 19 1 3.2999999999999998 0.59999999999999998 0 0 1 0.96999999999999997 -13.199999999999999 0 1 1.0600000000000001 0.93999999999999995
 20 1 2.2999999999999998 1 0 0 1 0.96399999999999997 -13.41 0 1 1.0600000000000001 0.93999999999999995
 21 1 0 0 0 0 1 1.008 -12.890000000000001 0 1 1.0600000000000001 0.93999999999999995
 22 1 0 0 0 0 1 1.01 -12.84 0 1 1.0600000000000001 0.93999999999999995
 23 1 6.2999999999999998 2.1000000000000001 0 0 1 1.008 -12.91 0 1 1.0600000000000001 0.93999999999999995
 24 1 0 0 0 0 1 0.999 -13.25 0 1 1.0600000000000001 0.93999999999999995
 25 1 6.2999999999999998 3.2000000000000002 0 5.9000000000000004 1 0.98199999999999998 -18.129999999999999 0 1 1.0600000000000001 0.93999999999999995
 26 1 0 0 0 0 1 0.95899999999999996 -12.949999999999999 0 1 1.0600000000000001 0.93999999999999995
 27 1 9.3000000000000007 0.5 0 0 1 0.98199999999999998 -11.48 0 1 1.0600000000000001 0.93999999999999995
 28 1 4.5999999999999996 2.2999999999999998 0 0 1 0.997 -10.449999999999999 0 1 1.0600000000000001 0.93999999999999995
 29 1 17 2.6000000000000001 0 0 1 1.01 -9.75 0 1 1.0600000000000001 0.93999999999999995
 30 1 3.6000000000000001 1.8 0 0 1 0.96199999999999997 -18.68 0 1 1.0600000000000001 0.93999999999999995
 31 1 5.7999999999999998 2.8999999999999999 0 0 1 0.93600000000000005 -19.34 0 1 1.0600000000000001 0.93999999999999995
 32 1 1.6000000000000001 0.80000000000000004 0 0 1 0.94899999999999995 -18.460000000000001 0 1 1.0600000000000001 0.93999999999999995
 33 1 3.7999999999999998 1.8999999999999999 0 0 1 0.94699999999999995 -18.5 0 1 1.0600000000000001 0.93999999999999995
 34 1 0 0 0 0 1 0.95899999999999996 -14.1 0 1 1.0600000000000001 0.93999999999999995
 35 1 6 3 0 0 1 0.96599999999999997 -13.859999999999999 0 1 1.0600000000000001 0.93999999999999995
 36 1 0 0 0 0 1 0.97599999999999998 -13.59 0 1 1.0600000000000001 0.93999999999999995
 37 1 0 0 0 0 1 0.98499999999999999 -13.41 0 1 1.0600000000000001 0.93999999999999995
 38 1 14 7 0 0 1 1.0129999999999999 -12.710000000000001 0 1 1.0600000000000001 0.93999999999999995
 39 1 0 0 0 0 1 0.98299999999999998 -13.460000000000001 0 1 1.0600000000000001 0.93999999999999995
 40 1 0 0 0 0 1 0.97299999999999998 -13.619999999999999 0 1 1.0600000000000001 0.93999999999999995
 41 1 6.2999999999999998 3 0 0 1 0.996 -14.050000000000001 0 1 1.0600000000000001 0.93999999999999995
 42 1 7.0999999999999996 4.4000000000000004 0 0 1 0.96599999999999997 -15.5 0 1 1.0600000000000001 0.93999999999999995
 43 1 2 1 0 0 1 1.01 -11.33 0 1 1.0600000000000001 0.93999999999999995
 44 1 12 1.8 0 0 1 1.0169999999999999 -11.859999999999999 0 1 1.0600000000000001 0.93999999999999995
 45 1 0 0 0 0 1 1.036 -9.25 0 1 1.0600000000000001 0.93999999999999995
 46 1 0 0 0 0 1 1.05 -11.890000000000001 0 1 1.0600000000000001 0.93999999999999995
 47 1 29.699999999999999 11.6 0 0 1 1.0329999999999999 -12.49 0 1 1.0600000000000001 0.93999999999999995
 48 1 0 0 0 0 1 1.0269999999999999 -12.59 0 1 1.0600000000000001 0.93999999999999995
 49 1 18 8.5 0 0 1 1.036 -12.92 0 1 1.0600000000000001 0.93999999999999995
 50 1 21 10.5 0 0 1 1.0229999999999999 -13.390000000000001 0 1 1.0600000000000001 0.93999999999999995
 51 1 18 5.2999999999999998 0 0 1 1.052 -12.52 0 1 1.0600000000000001 0.93999999999999995
 52 1 4.9000000000000004 2.2000000000000002 0 0 1 0.97999999999999998 -11.470000000000001 0 1 1.0600000000000001 0.93999999999999995
 53 1 20 10 0 6.2999999999999998 1 0.97099999999999997 -12.23 0 1 1.0600000000000001 0.93999999999999995
 54 1 4.0999999999999996 1.3999999999999999 0 0 1 0.996 -11.69 0 1 1.0600000000000001 0.93999999999999995
 55 1 6.7999999999999998 3.3999999999999999 0 0 1 1.0309999999999999 -10.779999999999999 0 1 1.0600000000000001 0.93999999999999995
 56 1 7.5999999999999996 2.2000000000000002 0 0 1 0.96799999999999997 -16.039999999999999 0 1 1.0600000000000001 0.93999999999999995
 57 1 6.7000000000000002 2 0 0 1 0.96499999999999997 -16.559999999999999 0 1 1.0600000000000001 0.93999999999999995


# name: gen
# type: matrix
# rows: 7
# columns: 21
 1 128.90000000000001 -16.100000000000001 200 -140 1.04 100 1 575.88 0 0 0 0 0 0 0 0 0 0 0 0
 2 0 -0.80000000000000004 50 -17 1.01 100 1 100 0 0 0 0 0 0 0 0 0 0 0 0
 3 40 -1 60 -10 0.98499999999999999 100 1 140 0 0 0 0 0 0 0 0 0 0 0 0
 6 0 0.80000000000000004 25 -8 0.97999999999999998 100 1 100 0 0 0 0 0 0 0 0 0 0 0 0
 8 450 62.100000000000001 200 -140 1.0049999999999999 100 1 550 0 0 0 0 0 0 0 0 0 0 0 0
 9 0 2.2000000000000002 9 -3 0.97999999999999998 100 1 100 0 0 0 0 0 0 0 0 0 0 0 0
 12 310 128.5 155 -150 1.0149999999999999 100 1 410 0 0 0 0 0 0 0 0 0 0 0 0


