# Created by Octave 6.4.0, Mon Mar 28 11:52:51 2022 GMT <unknown@ISA-LAPTOP-01>
# name: baseMVA
# type: scalar
100


# name: mpc
# type: scalar struct
# ndims: 2
 1 1
# length: 6
# name: version
# type: sq_string
# elements: 1
# length: 1
2


# name: baseMVA
# type: scalar
100


# name: bus
# type: matrix
# rows: 39
# columns: 13
 1 1 97.599999999999994 44.200000000000003 0 0 2 1.0393836000000001 -13.536602 345 1 1.0600000000000001 0.93999999999999995
 2 1 0 0 0 0 2 1.0484941000000001 -9.7852665999999999 345 1 1.0600000000000001 0.93999999999999995
 3 1 322 2.3999999999999999 0 0 2 1.0307077 -12.276384 345 1 1.0600000000000001 0.93999999999999995
 4 1 500 184 0 0 1 1.0044599999999999 -12.626734000000001 345 1 1.0600000000000001 0.93999999999999995
 5 1 0 0 0 0 1 1.0060062999999999 -11.192339 345 1 1.0600000000000001 0.93999999999999995
 6 1 0 0 0 0 1 1.0082256000000001 -10.408329999999999 345 1 1.0600000000000001 0.93999999999999995
 7 1 233.80000000000001 84 0 0 1 0.99839728000000005 -12.755625999999999 345 1 1.0600000000000001 0.93999999999999995
 8 1 522 176.59999999999999 0 0 1 0.99787232000000003 -13.335844 345 1 1.0600000000000001 0.93999999999999995
 9 1 6.5 -66.599999999999994 0 0 1 1.038332 -14.178442 345 1 1.0600000000000001 0.93999999999999995
 10 1 0 0 0 0 1 1.0178430999999999 -8.1708750000000006 345 1 1.0600000000000001 0.93999999999999995
 11 1 0 0 0 0 1 1.0133858 -8.9369662999999999 345 1 1.0600000000000001 0.93999999999999995
 12 1 8.5299999999999994 88 0 0 1 1.000815 -8.9988235999999997 345 1 1.0600000000000001 0.93999999999999995
 13 1 0 0 0 0 1 1.014923 -8.9299271999999998 345 1 1.0600000000000001 0.93999999999999995
 14 1 0 0 0 0 1 1.012319 -10.715294999999999 345 1 1.0600000000000001 0.93999999999999995
 15 1 320 153 0 0 3 1.0161853999999999 -11.345399 345 1 1.0600000000000001 0.93999999999999995
 16 1 329 32.299999999999997 0 0 3 1.0325203000000001 -10.033348 345 1 1.0600000000000001 0.93999999999999995
 17 1 0 0 0 0 2 1.0342365 -11.116436 345 1 1.0600000000000001 0.93999999999999995
 18 1 158 30 0 0 2 1.0315726000000001 -11.986167999999999 345 1 1.0600000000000001 0.93999999999999995
 19 1 0 0 0 0 3 1.0501068 -5.4100729000000003 345 1 1.0600000000000001 0.93999999999999995
 20 1 680 103 0 0 3 0.99101054 -6.8211782999999997 345 1 1.0600000000000001 0.93999999999999995
 21 1 274 115 0 0 3 1.0323192000000001 -7.6287460999999999 345 1 1.0600000000000001 0.93999999999999995
 22 1 0 0 0 0 3 1.0501427000000001 -3.1831198999999999 345 1 1.0600000000000001 0.93999999999999995
 23 1 247.5 84.599999999999994 0 0 3 1.0451451 -3.3812763000000001 345 1 1.0600000000000001 0.93999999999999995
 24 1 308.60000000000002 -92.200000000000003 0 0 3 1.038001 -9.9137585000000001 345 1 1.0600000000000001 0.93999999999999995
 25 1 224 47.200000000000003 0 0 2 1.0576827 -8.3692354000000009 345 1 1.0600000000000001 0.93999999999999995
 26 1 139 17 0 0 2 1.0525613 -9.4387696000000005 345 1 1.0600000000000001 0.93999999999999995
 27 1 281 75.5 0 0 2 1.0383449 -11.362152 345 1 1.0600000000000001 0.93999999999999995
 28 1 206 27.600000000000001 0 0 3 1.0503737 -5.9283592000000001 345 1 1.0600000000000001 0.93999999999999995
 29 1 283.5 26.899999999999999 0 0 3 1.0501149000000001 -3.1698740999999999 345 1 1.0600000000000001 0.93999999999999995
 30 2 0 0 0 0 2 1.0499000000000001 -7.3704745999999997 345 1 1.0600000000000001 0.93999999999999995
 31 3 9.1999999999999993 4.5999999999999996 0 0 1 0.98199999999999998 0 345 1 1.0600000000000001 0.93999999999999995
 32 2 0 0 0 0 1 0.98409999999999997 -0.1884374 345 1 1.0600000000000001 0.93999999999999995
 33 2 0 0 0 0 3 0.99719999999999998 -0.19317445 345 1 1.0600000000000001 0.93999999999999995
 34 2 0 0 0 0 3 1.0123 -1.631119 345 1 1.0600000000000001 0.93999999999999995
 35 2 0 0 0 0 3 1.0494000000000001 1.7765069 345 1 1.0600000000000001 0.93999999999999995
 36 2 0 0 0 0 3 1.0636000000000001 4.4684374 345 1 1.0600000000000001 0.93999999999999995
 37 2 0 0 0 0 2 1.0275000000000001 -1.5828987999999999 345 1 1.0600000000000001 0.93999999999999995
 38 2 0 0 0 0 3 1.0265 3.8928177000000002 345 1 1.0600000000000001 0.93999999999999995
 39 2 1104 250 0 0 1 1.03 -14.535256 345 1 1.0600000000000001 0.93999999999999995


# name: gen
# type: matrix
# rows: 10
# columns: 21
 30 250 161.762 400 140 1.0499000000000001 100 1 1040 0 0 0 0 0 0 0 0 0 0 0 0
 31 677.87099999999998 221.57400000000001 300 -100 0.98199999999999998 100 1 646 0 0 0 0 0 0 0 0 0 0 0 0
 32 650 206.965 300 150 0.98409999999999997 100 1 725 0 0 0 0 0 0 0 0 0 0 0 0
 33 632 108.29300000000001 250 0 0.99719999999999998 100 1 652 0 0 0 0 0 0 0 0 0 0 0 0
 34 508 166.68799999999999 167 0 1.0123 100 1 508 0 0 0 0 0 0 0 0 0 0 0 0
 35 650 210.661 300 -100 1.0494000000000001 100 1 687 0 0 0 0 0 0 0 0 0 0 0 0
 36 560 100.16500000000001 240 0 1.0636000000000001 100 1 580 0 0 0 0 0 0 0 0 0 0 0 0
 37 540 -1.3694500000000001 250 0 1.0275000000000001 100 1 564 0 0 0 0 0 0 0 0 0 0 0 0
 38 830 21.732700000000001 300 -150 1.0265 100 1 865 0 0 0 0 0 0 0 0 0 0 0 0
 39 1000 78.467399999999998 300 -100 1.03 100 1 1100 0 0 0 0 0 0 0 0 0 0 0 0


