# name: baseMVA
# type: scalar
100

# name: bus
# type: matrix
# rows: 38
# columns: 13
 1  3 0 0 0 0 1 1 0 230 1 1.1 0.9
 2  1 0 0 0 0 1 1 0 230 1 1.1 0.9
 3  1 0.720 0 0 0 1 1 0 230 1 1.1 0.9
 4  1 0.720 0 0 0 1 1 0 230 1 1.1 0.9
 5  2 0 0 0 0 1 1 0 230 1 1.1 0.9
 6  1 0.720 0 0 0 1 1 0 230 1 1.1 0.9
 7  1 0 0 0 0 1 1 0 230 1 1.1 0.9
 8  1 0 0 0 0 1 1 0 230 1 1.1 0.9
 9  1 0.720 0 0 0 1 1 0 230 1 1.1 0.9
 10  1 0.540 0 0 0 1 1 0 230 1 1.1 0.9
 11 1 0.540 0 0 0 1 1 0 230 1 1.1 0.9
 12 1 0.720 0 0 0 1 1 0 230 1 1.1 0.9
 13 1 0.540 0 0 0 1 1 0 230 1 1.1 0.9
 14 1 0.540 0 0 0 1 1 0 230 1 1.1 0.9
 15 1 0.720 0 0 0 1 1 0 230 1 1.1 0.9
 16 1 0.720 0 0 0 1 1 0 230 1 1.1 0.9
 17 1 0.720 0 0 0 1 1 0 230 1 1.1 0.9
 18 1 0.540 0 0 0 1 1 0 230 1 1.1 0.9
 19 1 0.720 0 0 0 1 1 0 230 1 1.1 0.9
 20 1 0 0 0 0 1 1 0 230 1 1.1 0.9
 21 1 0.360 0 0 0 1 1 0 230 1 1.1 0.9
 22 1 0.360 0 0 0 1 1 0 230 1 1.1 0.9
 23 1 0 0 0 0 1 1 0 230 1 1.1 0.9
 24 1 0.720 0 0 0 1 1 0 230 1 1.1 0.9
 25 1 0 0 0 0 1 1 0 230 1 1.1 0.9
 26 1 0.540 0 0 0 1 1 0 230 1 1.1 0.9
 27 2 0 0 0 0 1 1 0 230 1 1.1 0.9
 28 1 0 0 0 0 1 1 0 230 1 1.1 0.9
 29 1 0.720 0 0 0 1 1 0 230 1 1.1 0.9
 30 1 0.360 0 0 0 1 1 0 230 1 1.1 0.9
 31 1 0.360 0 0 0 1 1 0 230 1 1.1 0.9
 32 1 0.720 0 0 0 1 1 0 230 1 1.1 0.9
 33 1 0 0 0 0 1 1 0 230 1 1.1 0.9
 34 2 0.540 0 0 0 1 1 0 230 1 1.1 0.9
 35 1 0.540 0 0 0 1 1 0 230 1 1.1 0.9
 36 1 0.720 0 0 0 1 1 0 230 1 1.1 0.9
 37 1 0 0 0 0 1 1 0 230 1 1.1 0.9
 38 1 0.720 0 0 0 1 1 0 230 1 1.1 0.9
 
 
# name: gen
# type: matrix
# rows: 4
# columns: 21 
 1  0    0 4.25  -2     1 100 1 5   1   0  0  0  0  0  0  0  0  3  0  0 
 5  0    0 3.4   -1.6   1 100 1 4   1   0  0  0  0  0  0  0  0  3  0  0 
 27 0    0 2.55  -1.2   1 100 1 3   0.8 0  0  0  0  0  0  0  0  2.5  0  0 
 34 0    0 2.75  -1.4   1 100 1 3.5 0.8 0  0  0  0  0  0  0  0  2.5  0  0 


# name: branch
# type: matrix
# rows: 37
# columns: 13
 1 2 0.5790 0.329867 0 9900 0 0 0 0 1 -360 360
 2 3 0.5790 0.329867 0 9900 0 0 0 0 1 -360 360
 3 4 0.1930 0.109956 0 9900 0 0 0 0 1 -360 360
 4 5 0.1930 0.109956 0 9900 0 0 0 0 1 -360 360
 5 6 0.1930 0.109956 0 9900 0 0 0 0 1 -360 360
 6 7 0.1930 0.109956 0 9900 0 0 0 0 1 -360 360
 7 8 0.1930 0.109956 0 9900 0 0 0 0 1 -360 360
 8 9 0.0965 0.054978 0 9900 0 0 0 0 1 -360 360
 9 10 0.0965 0.054978 0 9900 0 0 0 0 1 -360 360
 10 11 0.0965 0.054978 0 9900 0 0 0 0 1 -360 360
 11 12 0.2895 0.164934 0 9900 0 0 0 0 1 -360 360
 2 13 0.2895 0.164934 0 9900 0 0 0 0 1 -360 360
 13 14 0.2895 0.164934 0 9900 0 0 0 0 1 -360 360
 14 15 0.0965 0.054978 0 9900 0 0 0 0 1 -360 360
 15 16 0.0965 0.054978 0 9900 0 0 0 0 1 -360 360
 16 17 0.0965 0.054978 0 9900 0 0 0 0 1 -360 360
 1 18 0.1930 0.109956 0 9900 0 0 0 0 1 -360 360
 18 19 0.1930 0.109956 0 9900 0 0 0 0 1 -360 360
 19 20 0.0965 0.054978 0 9900 0 0 0 0 1 -360 360
 20 21 0.0965 0.054978 0 9900 0 0 0 0 1 -360 360
 21 22 0.0965 0.054978 0 9900 0 0 0 0 1 -360 360
 1 23 0.5790 0.329867 0 9900 0 0 0 0 1 -360 360
 23 24 0.3860 0.219911 0 9900 0 0 0 0 1 -360 360
 23 25 0.1930 0.109956 0 9900 0 0 0 0 1 -360 360
 24 26 0.1930 0.109956 0 9900 0 0 0 0 1 -360 360
 26 27 0.0965 0.054978 0 9900 0 0 0 0 1 -360 360
 27 28 0.0965 0.054978 0 9900 0 0 0 0 1 -360 360
 28 29 0.0965 0.054978 0 9900 0 0 0 0 1 -360 360
 29 30 0.0965 0.054978 0 9900 0 0 0 0 1 -360 360
 30 31 0.0965 0.054978 0 9900 0 0 0 0 1 -360 360
 28 32 0.0965 0.054978 0 9900 0 0 0 0 1 -360 360
 32 33 0.0965 0.054978 0 9900 0 0 0 0 1 -360 360
 24 34 0.2895 0.164934 0 9900 0 0 0 0 1 -360 360
 34 35 0.1930 0.109956 0 9900 0 0 0 0 1 -360 360
 35 36 0.0965 0.054978 0 9900 0 0 0 0 1 -360 360
 36 37 0.0965 0.054978 0 9900 0 0 0 0 1 -360 360
 37 38 0.0965 0.054978 0 9900 0 0 0 0 1 -360 360

# name: gencost
# type: matrix
# rows: 4
# columns: 6
 2 26.62 0 2 27.7 0
 2 23    0 2 39.1 0
 2 20.23 0 2 61.3 0
 2 22.43 0 2 65.6 0
