# name: ess
# type: matrix
# rows: 5
# columns: 11
 8 0.6 0.1 0.2 0.1 0.2 3 3 1 1 0
 16 0.6 0.1 0.2 0.1 0.2 3 3 1 1 0
 20 0.6 0.1 0.2 0.1 0.2 3 3 1 1 0
 33 0.6 0.1 0.2 0.1 0.2 3 3 1 1 0
 37 0.6 0.1 0.2 0.1 0.2 3 3 1 1 0