# Created by Octave 8.1.0, Tue Apr 25 17:13:59 2023 GMT <unknown@LI-LAPTOP-33>
# name: baseMVA
# type: scalar
100


# name: bus
# type: matrix
# rows: 5
# columns: 17
 1 2 0 0 0 0 1 1.0991819696484473 1.2343032221125805 230 1 1.1000000000000001 0.90000000000000002 10.025418082741925 9.7455277913521864e-08 0 0
 2 1 112.91600633912077 98.609999999999999 0 0 1 1.0886061462805208 -0.79149276500456822 230 1 1.1000000000000001 0.90000000000000002 10.098272398432634 0.013733941496427695 0 0
 3 2 112.91600633912077 98.609999999999999 0 0 1 1.0955680601410522 -1.0370145630433936 230 1 1.1000000000000001 0.90000000000000002 10.105544094894121 5.8641661501025002e-08 0 0
 4 3 150.5546751188277 131.47 0 0 1 1.0972254729977065 0 230 1 1.1000000000000001 0.90000000000000002 10.068831842850173 1.4330465157234842e-05 0 0
 5 2 0 0 0 0 1 1.0999993248774587 1.9620008960997035 230 1 1.1000000000000001 0.90000000000000002 10.000000038698497 -3.6470263040084896e-09 31.729220796543061 0


# name: gen
# type: matrix
# rows: 5
# columns: 25
 1 5.2289337419774416e-06 4.6510719032468142 30 -30 1.0991819696484473 100 1 40 0 0 0 0 0 0 0 0 0 0 0 0 0 3.974582436821017 0 0
 1 4.177782049658035e-06 32.14406118990707 127.5 -127.5 1.0991819696484473 100 1 170 0 0 0 0 0 0 0 0 0 0 0 0 0 4.9745820395086984 0 0
 3 1.0446426541232198e-06 173.65883798666761 390 -390 1.0955680601410522 100 1 520 0 0 0 0 0 0 0 0 0 0 0 0 0 19.894455945072465 0 0
 4 6.9434708486193689e-07 138.09753701006696 150 -150 1.0972254729977065 100 1 200 0 0 0 0 0 0 0 0 0 0 0 0 0 29.93116826106295 0 0
 5 378.11038813426228 -11.882133133210722 450 -450 1.0999993248774587 100 1 600 0 0 0 0 0 0 0 0 0 0 0 0 0 0 0 0


# name: branch
# type: matrix
# rows: 6
# columns: 21
 1 2 0.00281 0.0281 0.0071199999999999996 400 400 400 0 0 1 -360 360 153.39686659686012 28.260794606321827 -152.83045350995874 -23.448665843814805 0 0 0 0
 1 4 0.0030400000000000002 0.0304 0.0065799999999999999 400 0 0 0 0 1 -360 360 85.404372805206862 -0.94322955175036649 -85.220840575919425 1.9849693848381997 0 0 0 0
 1 5 0.00064000000000000005 0.0064000000000000003 0.031260000000000003 400 0 0 0 0 1 -360 360 -238.80122673743296 9.4775708146607851 239.10398542865434 -10.229629747717832 0 0 0 0
 2 3 0.00108 0.010800000000000001 0.018519999999999998 400 0 0 0 0 1 -360 360 39.914447629246574 -75.16133390904416 -39.849936944155282 73.597622664831491 0 0 0 0
 3 4 0.00297 0.029700000000000001 0.0067400000000000003 400 0 0 0 0 1 -360 360 -73.066062866107629 1.4512022853547191 73.198249998119067 -0.93953730431895022 0 0 0 0
 4 5 0.00297 0.029700000000000001 0.0067400000000000003 240 240 240 0 0 1 -360 360 -138.53208421840165 5.5822686053420982 139.0064092933786 -1.6525029149431187 0 0 0 0


# name: gencost
# type: matrix
# rows: 5
# columns: 6
 2 0 0 2 14 0
 2 0 0 2 15 10
 2 0 0 2 30 0
 2 0 0 2 40 20
 2 0 0 2 10 0


# name: objval
# type: scalar
3811.1040763275892


# name: success
# type: bool
1


