# name: pv
# type: matrix
# rows: 1
# columns: 2
 2 25
