# name: ess
# type: matrix
# rows: 1
# columns: 11
 2 100 10 25 10 25 4 4 1 1 0
